schemes <- list(
  bright = c("blue", "red", "green", "yellow", "cyan", "purple", "grey"),
  vibrant = c("orange", "blue", "cyan", "magenta", "red", "teal", "grey"),
  muted =  c("rose", "indigo", "sand", "green", "cyan", "wine", "teal",
             "olive", "purple"),
  light = c("light blue", "orange", "light yellow", "pink", "light cyant",
            "mint", "pear", "olive", "pale grey"),
  rainbow = list(
    `1` = c(10),
    `2` = c(10, 26),
    `3` = c(10, 18, 26),
    `4` = c(10, 15, 18, 26),
    `5` = c(10, 14, 15, 18, 26),
    `6` = c(10, 14, 15, 17, 18, 26),
    `7` = c(9, 10, 14, 15, 17, 18, 26),
    `8` = c(9, 10, 14, 15, 17, 18, 23, 26),
    `9` = c(9, 10, 14, 15, 17, 18, 23, 26, 28),
    `10` = c(9, 10, 14, 15, 17, 18, 21, 24, 26, 28),
    `11` = c(9, 10, 12, 14, 15, 17, 18, 21,24, 26, 28),
    `12` = c(3, 6, 9, 10, 12, 14, 15, 17, 18, 21, 24, 26),
    `13` = c(3, 6, 9, 10, 12, 14, 15, 16, 17, 18, 21, 24, 26),
    `14` = c(3, 6, 9, 10, 12, 14, 15, 16, 17, 18, 20, 22, 24, 26),
    `15` = c(3, 6, 9, 10, 12, 14, 15, 16, 17, 18, 20, 22, 24, 26, 28),
    `16` = c(3, 5, 7, 9, 10, 12, 14, 15, 16, 17, 18, 20, 22, 24, 26, 28),
    `17` = c(3, 5, 7, 8, 9, 10, 12, 14, 15, 16, 17, 18, 20, 22, 24, 26, 28),
    `18` = c(3, 5, 7, 8, 9, 10, 12, 14, 15, 16, 17, 18, 20, 22, 24, 26, 27, 28),
    `19` = c(2, 4, 5, 7, 8, 9, 10, 12, 14, 15, 16, 17, 18, 20, 22, 24, 26, 27, 28),
    `20` = c(2, 4, 5, 7, 8, 9, 10, 11, 13, 14, 15, 16, 17, 18, 20, 22, 24, 26, 27, 28),
    `21` = c(2, 4, 5, 7, 8, 9, 10, 11, 13, 14, 15, 16, 17, 18, 19, 21, 23, 25, 26, 27, 28),
    `22` = c(2, 4, 5, 7, 8, 9, 10, 11, 13, 14, 15, 16, 17, 18, 19, 21, 23, 25, 26, 27, 28, 29),
    `23` = c(1, 2, 4, 5, 7, 8, 9, 10, 11, 13, 14, 15, 16, 17, 18, 19, 21, 23, 25, 26, 27, 28, 29)
  )
)
