# Official color charts ========================================================
# The colours have to be used as given: do not interpolate
schemes_official <- list(
  # Bordeaux Montaigne University colour chart
  UBM = list(
    type = "qualitative",
    interpolate = FALSE,
    missing = NA_character_,
    max = 30,
    colours = c(
      'UBM 01' = "#fcea10", 'UBM 02' = "#f4c123", 'UBM 03' = "#f59c00",
      'UBM 04' = "#ee7219", 'UBM 05' = "#e30613", 'UBM 06' = "#be1622",
      'UBM 07' = "#f088b6", 'UBM 08' = "#ec608a", 'UBM 09' = "#e8336e",
      'UBM 10' = "#a3195b", 'UBM 11' = "#951b81", 'UBM 12' = "#5d3a14",
      'UBM 13' = "#7d4e24", 'UBM 14' = "#b56632", 'UBM 15' = "#bf8850",
      'UBM 16' = "#a48a7b", 'UBM 17' = "#878787", 'UBM 18' = "#b2b2b2",
      'UBM 19' = "#00a19a", 'UBM 20' = "#0094cd", 'UBM 21' = "#1d71b8",
      'UBM 22' = "#32538d", 'UBM 23' = "#312783", 'UBM 24' = "#29264a",
      'UBM 25' = "#404e2c", 'UBM 26' = "#006633", 'UBM 27' = "#3a8c38",
      'UBM 28' = "#34aa35", 'UBM 29' = "#95c11f", 'UBM 30' = "#dedc00"
    ),
    scheme = NULL
  ),
  # French National Center for Scientific Research
  CNRS = list(
    type = "qualitative",
    interpolate = FALSE,
    missing = NA_character_,
    max = 10,
    colours = c(
      'INC'   = "#007E94", 'INEE'  = "#62AE25", 'INP'   = "#004494",
      'IN2P3' = "#E75113", 'INSB'  = "#9C126D", 'INSHS' = "#820E12",
      'INS2I' = "#562A84", 'INSIS' = "#D4002D", 'INSMI' = "#547D3D",
      'INSU'  = "#CC2381"
    ),
    scheme = NULL
  )
)
